863597214742813659519246378678952143421638597395471862254189736136724985987365421
738126495249375618165894372497512836621438759853967124572681943384759261916243587
164739582837245196259186734391872465576493821482561379948617253615328947723954618
924675318517283694863491275386152947472869531195347862249516783631728459758934126
968174325437652198251389467614738259589216734723945681372891546195463872846527913
821673495476259183539841762258136947913784256764592831342915678697328514185467329
268379154394215768175684329589461237642753981731928546816537492457892613923146875
156482937847593162923167458695238714271649583384751296418976325539824671762315849
764891352128653974539472861481967235672538419953124786815749623396285147247316598
925876431437192586168345972892417653314658297756239814249781365573964128681523749
649587213831294756752361948275148639493625187186973524964812375527436891318759462
416279358539841726782356491374912865268735149195684273843567912621498537957123684
497821356318546729256397418142683975763459281985712634674135892539268147821974563
781265349634198725592734861967483152458612973213579486825941637146357298379826514
163942758729586143845173296952364871486719325371825469238657914514298637697431582
263954187845137269971268453592813746317645892486729531154392678729486315638571924
762945183439128576185673249628719354374852691591436827246387915957261438813594762
153498627987652143426173958541869372369247815872531469634785291295314786718926534
742639518596871243138452967954763182827915634361248759273586491619324875485197326
219386547584179362736542981347261859891435726625798134953627418472813695168954273
364917582897526314125834967719348256248659731653271498531782649476193825982465173
296714583375986241418352976142598367963147825587623419721435698859261734634879152
356842917849715236127396485582639174473128659961457328738961542294573861615284793
962483175487651329153927864716539482529814637834276951678142593245398716391765248
517984236364527198298361754879652413652143987143879562781435629926718345435296871
348967251167528439529143786281394567956712843473856192612435978894671325735289614
985176423713542869642938157534681972879253614261794385397865241428317596156429738
723416598648759132159823647386592714271648359495371286914237865567184923832965471
216537489485619237379284615548961723723458961961723548637845192854192376192376854
738546912562931487149728653374159826891462375256387194627814539915673248483295761
457681293961325847283947561128593674645718329379462158512874936894236715736159482
498752361732861945561394782185249637674183529329675814217536498953428176846917253
543127698819456723627893415968534172432971586175268349294615837786342951351789264
419238576273654981586791423731529864865413792924876135157962348698345217342187659
345861297918257364672934815269543781537186429481792653753618942894325176126479538
169254738245837691837691425681529347794318256352746819526983174473165982918472563
289435761715286394634791528157923486946857213823164975478519632391642857562378149
894651273673248915251397864482913657569472138317865492936524781148736529725189346
751684329629573418438921576892736154347159862165842793514298637973465281286317945
572816439819347526463952871956731248231584697748629315187263954624195783395478162
369172458728465319541389762657243891492518637813796524974651283286934175135827946
852143976149687325763259148981732564527416839634598712215974683396821457478365291
764328951315496782892175463526984137931267845478531296189652374647813529253749618
763421958128579463549683271456192837931758624872346195294837516315964782687215349
648139257519742683273865419486923571137586942925471836394218765851697324762354198
923415786175968342486327159612593874854276931739841265261784593397652418548139627
378451629642978135915623487291846753483715296567392814139267548754189362826534971
627351984318469257549827613864913725953276148172548369781634592296785431435192876
348276591957318426621495378832169745596743182714582963473821659265934817189657234
691327485273845619485196273158674392742539168369281754537418926814962537926753841
481627395965384127372591864627135489849762513153948672238419756716253948594876231
251847693367295148489631572845123769913476825672589314126958437798314256534762981
163957428498362751725184396351298647879641532246573189637825914912436875584719263
568234917412795386793681524125467893874359261936812475281573649347926158659148732
632419587719852463458376921325691874864735192971248356597164238183927645246583719
456823971873914526192756834641298753935647182287135469718462395564389217329571648
176584392249317865583269741765148923398726154412953678634895217851672439927431586
253467918194283576768951324341879265576142839982635147415396782627518493839724651
451239867863714925297586143924175386638942751715368294186493572579621438342857619
267398415583741629941256387795132846126584973834967251658479132472613598319825764
253867194486391257179542683547916328312478569698235741724683915961754832835129476
294761853537829461681543729743956182162384597958172634826497315419635278375218946
914582763267394851835761294381649572746825319592137486623978145458216937179453628
719863425326754981584291673258149736493675812671328549837516294962437158145982367
325819746146257398789643512632571984978426135451398627264935871813764259597182463
463175289792863154158429376245987613637214598819356427586742931921638745374591862
924538176783146259165297348639782514258614793471953682892375461516429837347861925
425891673631457298978362154142576839863914527759238461384629715297145386516783942
839572416457816329261349857578134692326957148914268573693425781185793264742681935
615397428798462351423518769964823517257146983381759642549231876832675194176984235
816397425945612837237845691791256384462138759358974216174523968629481573583769142
879412563451396782263758419345189627618247935927563841586931274192674358734825196
342759861785261439691384275926437518534812796817596342479625183268173954153948627
219538476374296518685147923196375842728419635543862197467953281932681754851724369
849261753516743982372598146937485621285136479461972835658317294724659318193824567
614398275735261498928574316571982634482637159369415782257149863893726541146853927
851672439263459871974318526619243758325187964748596213432965187186724395597831642
832514796941726853576983421613249587487135962259678134128397645364851279795462318
968472531543819726217563489456728913379641852182935674824356197635197248791284365
546918723983267154271543968692134875735896241418725639324681597167459382859372416
583279641167543289294816375428935167716482593359167428631728954972354816845691732
527143986496587132831296457685439721149725863372861549954372618713658294268914375
654173289319285764278964513926841375581327496743659128492518637137496852865732941
973264815258713946146958273415826739837549621692371458321697584564182397789435162
765198324428536179391427685953761842842359761617284593136972458589643217274815936
598617234164329875273548619382764591741952368659183742416275983835496127927831456
684125739395487126217963584572639841946871253138542967769254318823716495451398672
728649315394751862615382497571896234869423571243175986186534729957218643432967158
578492136213876594694153782935724618467581329821639475159368247386247951742915863
598143762417629853236587941143792685729865134685431297952378416374916528861254379
854621379319487562726539814532916487198743625647258193275864931963175248481392756
271693845853471296964258731749182653386945172512736984637824519428519367195367428
423869571976315842851742396698471235734528169215693487367154928582937614149286753
481257639236819754975364281812546397549173826763928415157432968394681572628795143
127389456985164237634725891419638572762591348358247619273416985841952763596873124
461289573793154862528367941972845316156793284834612759219576438385421697647938125
196483725234157968578692134625714893381529476947368512463871259819235647752946381
472591368536487192198362574341926785967853241825174936753618429289745613614239857
153792468289436751476185923938627145721354896645918237312869574567241389894573612
415673892382149675976825134658714923149532786723986541291467358564398217837251469
729483516456917382138265794843592671915376248267841935374628159592134867681759423
847125963192367845563849172285493716674218539319576284438752691756931428921684357
937458621416723589582619347749285163851364972263197854675941238124836795398572416
139452867764189325852367914471925638625813479398674152546291783283746591917538246
381245976729863145456719328164957283278634591935128764642571839817396452593482617
763459128198723645542186739981364572475218396326975814639841257254637981817592463
152968734376415928849723561517632849693841257428597613281376495965184372734259186
513789624642153789879624315961375842425968137387412596254836971736291458198547263
927356814865417293341289756753642189498531672612978345134865927276194538589723461
156974832749823615382156479935682147418597326627341958871239564564718293293465781
387651942564928371192347568658714239241593687739862154413285796925476813876139425
846729315125683794793145268357962481612874953489351672571236849264598137938417526
759826341463791258812453679127649583698235417534178926276384195941567832385912764
312468957574912386968753142423879561781625439659134728297346815135287694846591273
983156472126437859574298613762584931851973264349621785698345127415762398237819546
475298136839614725216537489651873294923145867784926513368452971142769358597381642
357491862249865317816327594462753189538912746791684253624138975175249638983576421
683194572945728631271635498794516283368972154152483769429367815836251947517849326
418379562792516438536284719683492157279165843145837926854923671927641385361758294
945618732137429568862537941294176385573984216618352497726843159459261873381795624
319256784627948351548713269432567918956182437871439625163874592284395176795621843
534169287129578463786324195963852741247691358815743629451936872392487516678215934
362895471948671352751423986496318725175249638823756194237184569619532847584967213
384692571271358469659714832947123685532846917168975324815269743426537198793481256
736259184124386957598417362347625891952138746861974523685741239413892675279563418
716529384328746159549318672435897216672134598981652743264975831197283465853461927
159684732672315489348729516264891357931257864587436291813942675725163948496578123
617435928483269751295781643354198276829647135176352489738926514562814397941573862
725918634368745912914236578482597361659183247173624895247359186536871429891462753
238695147517428936946137825374956218169842573825713469481379652653281794792564381
824317695165892473379645218742589136986231754513764982657923841438176529291458367
837519246651284793924736815163897452248651937795423681386975124579142368412368579
791468352286935174345127986572641839438279615619583247164352798823794561957816423
495238716271964538683571429934617285762385941158429367819742653327156894546893172
641395827537428196982716543279651438458237961316849275864172359193564782725983614
358721964491386275627549318814963527235178496976254183169437852583692741742815639
746382915952167438138945672689523147427618359315794286571236894294851763863479521
859731246614295783327468951465382179931574628278619534192847365543126897786953412
538269174167834529492517386389652741714398652625741893243175968876923415951486237
893164725721539648465278139654891273239457816187326954942785361578613492316942587
693251784841673259572498316286517493417329568359864127965732841138945672724186935
716458392328197645495623871689745213237916458154832967943581726871264539562379184
754693821362851749819472563935728416176945382428316975541289637283567194697134258
931268574627495138584731926469372815352189647178546392815924763293657481746813259
731586924245973186986124357179345268463218579528697413657432891312869745894751632
651293874249718356873465219528637941364981527197542683932874165415326798786159432
457931628983627415162584973375492861649178352821365794238719546714856239596243187
154268793238597614679413852962834571417925368583671429341759286796382145825146937
579683124482951376163472589247368951916527438835149762354816297798234615621795843
476182953852439176193756842918524367345617289627398415284965731761243598539871624
164987532527364189398251476853416927412879365679523814786195243235748691941632758
253618947846972351971453682732861594165249873489537216327185469594726138618394725
218759643479163582563842179325618497786495321194237856632574918947381265851926734
124693758867415392395827146781269435259134867643758921578942613936581274412376589
473256198258914637196378452825467319637891245941532876519683724762149583384725961
286137594154896237739524861872365149561489723943712685498251376625973418317648952
734265819286149735591873426423586197967312548815794362672451983159638274348927651
835297641194563728762814935423675189687129453519438267958746312341982576276351894
125498673764235189839617425512763948987541362643829517491382756358176294276954831
942735681716849235358261794294176358183592467675384912531927846429658173867413529
937652841812974536465318927698231754374895612521467389246783195753149268189526473
476159832513826749829734156281965374347218965695347281152483697734692518968571423
651987423237641589894325761748293156325176948916854372583769214172438695469512837
371926854596438217482751639759263481218547963634189725943812576865374192127695348
138672945297584136645391287469853721713426598582719364956138472374265819821947653
179482356835796214264513789396257841528149637741638592613874925487925163952361478
284637519319452768765918324627841935438295671951376842173584296846729153592163487
253974186896321574714568293469135728371482965528697431187253649942816357635749812
478953162593621784126748593784539621351267849269184375617392458945816237832475916
268937451514286793937415268481729536325168947679543812852691374746352189193874625
652813974893472615417965283248659731935147862761238549174596328586321497329784156
258437169791265348634198752165842937823759614479613825942376581516984273387521496
951386724763249815824157693185732946432695187679418532297863451348571269516924378
396528174721496385854173296137264958265839741948751632483912567672385419519647823
386952174291748635754136892638419257127583946945627318579261483463895721812374569
425896317386127945791354268543971682962538174178462539839715426654283791217649853
846213579957864132231795864123648957579132486684579321498327615312956748765481293
289417356457836291631259784562791843718342569394685127846573912175924638923168475
132695748785423169964781325826149573541378296379562814418256937653917482297834651
659317824431682759728594136812945367963278541574163982247859613386721495195436278
256198734138764925479253681564381279983572146721946853892635417317429568645817392
768541293924736185351982467695413872417829356832675914176294538549368721283157649
395186742641257938278943516517894623829361475463725891932678154156439287784512369
857264319129738456463951782586372194231489567974615823712893645648527931395146278
759864123482931765163752849937215684246378951815496372691527438328649517574183296
163897254847521693592436781438912567619754832275368149356179428724683915981245376
463281975721953864958674213819325647234769158576148329142837596685492731397516482
165749823984236175732851649543682917679315482218497356856974231321568794497123568
598427316764319582312856479137295864426783195985641237271934658859162743643578921
796841523521376894834529671957432186362158749148697352673284915285913467419765238
215647398934821567768395241396418725527963184481572936173284659859736412642159873
925847163147963825836152947491385672568274391372619584213796458684521739759438216
175368249439251678826497513613942857284175936957836124398514762741629385562783491
764598321135627489829413657672134895548769132391852746917385264453276918286941573
721463598936825417485791623167359842398274165542618379813942756274586931659137284
723481956548692173691375248469758312285134697137926485854269731972513864316847529
745916328163824597928375614312649875596783142487251936834592761259167483671438259
942731568561982734837456912356219487298374651174865293715643829689127345423598176
947815326682973514531246789395481672418762953276539148854397261129654837763128495
746938521239715468581462739875293146623147985914856372398524617452671893167389254
816752394794163258532894761359618427481275936627439815265387149148926573973541682
247519638568234971913687425321498756796152384485763219854376192132945867679821543
765931842432568719819742635157683294928154367643279158396427581284315976571896423
589712643736489215241653987862375194493168752157924836328596471914237568675841329
893217456642539187517684239265378941781945362934126875428761593356892714179453628
635217984892456713147983526583164279214739865976825341458371692769542138321698457
194632758527894163638751294341279586265483917879516432956347821713928645482165379
672539841895146273134827956956412387413785629728693415349271568267358194581964732
645387192178294653392165784731429865586731429924658317219843576457916238863572941
296481573357296481841753926938162754514978362672345198163529847429837615785614239
652941378481237659937658412195386247876124593324579861219865734768493125543712986
573416982294783156816529743745631829629845317138297465952178634487362591361954278
235841679694573281187926435328419567951267348746385192462758913819632754573194826
462179835583642917917358264196824753758931426234765189871593642645287391329416578
956382714432716958178459362894235671217968543365174829629847135581623497743591286
312786594589142736674539281167395428945278163238461957791653842456827319823914675
249658317736192854185347269472563198598421673613789542854936721361274985927815436
581793246394261857267584193149872365875639412632415789713958624456127938928346571
681439257497582361253716498374298615965147832128653749749865123512374986836921574
512647893976835142843129567238971456154368729697254381465793218721586934389412675
548176329913285647627394851361847592279653418854912736485721963732569184196438275
726319845418257369359864712285741936173926584964538271692483157531672498847195623
473816295285934167691257438368591742924783651157462983719348526536129874842675319
398125467765493218412678395936812574841759632527364189689541723274936851153287946
759436182286195347413728695371642958568917423942583761894351276127864539635279814
128395476645721893793468251417986532382574619956213748234659187571832964869147325
356829714274165893918473526893614257165297438427538961731982645649751382582346179
963217584514938762287456931321579846458623179796841253639185427145762398872394615
582913746713246859649875321235694187176382495498157263351468972827539614964721538
275369148983415726164872953859246371641783592327591864596134287438927615712658439
567423981412798356839561724128635479754912863396847512283179645671354298945286137
639728145145936782872145693253687419781394256964251837426513978598472361317869524
241637958689152437375489216467913582932548671518726349754291863193864725826375194
319562847678341925452789316583674192967128534124953678235416789896237451741895263
278134695194658327653297481581362749432719568769845132917486253345921876826573914
156723489743968251892541763521874936937615842468239517385197624219486375674352198
315792684948563127267841593682354719754916832193278465421637958536489271879125346
154296783268734159397518264875421936629375418413689572741963825986152347532847691
234861795817529463965374182579483621628157349143692578382716954496235817751948236
731296548984735162526418793162384957873159624459627831317562489648973215295841376
318752649524869173967431825251387964489615237736294581645178392173926458892543716
649518372821673945735294816472385169593167428168942537284739651917456283356821794
278961345349572681156438792712854936583196427694723518461387259825649173937215864
254318796698274135173596824486932517925167483731845962842659371367481259519723648
398427165675183492412956837984365271523871946167249583846532719751698324239714658
624183957198765423735492816817326549542971638369548271486237195271659384953814762
928713645153684297467592318749265831512348976386971524234156789691837452875429163
156374928784529316239681457561792843348156792972843561497268135823415679615937284
318745926749236815256198374831529467467813592592674138185962743674351289923487651
923716845574832691816459723395687412168243579247195368451978236689324157732561984
432691758587324196916785423328576914691248537745913682869452371253167849174839265
693812457781453629245967813937528146824671935516394278378146592169235784452789361
613842975584719623729365841897156234136284597452973186371598462965427318248631759
765321489843965271192784653518437962476192538329658714954816327631279845287543196
327416958514983672689572413263857149845391726971264835458139267136728594792645381
938561274256947183174823965892436751467195328315278496781359642549612837623784519
981425367237961854546387291763254918195836472824719536618543729372198645459672183
531679842964283715728154369249718536617395428385462971872546193496831257153927684
574312968168947253239865741345678192627194385891523674712456839953781426486239517
715384296429657183386921754241795638863142579957836421592468317134579862678213945
236597481748631529915824763194752638527386914863149275379468152652913847481275396
748512639235986471169437852687294513914358267352761948421875396573629184896143725
843671529725983164691524378387256491912348756456719832268435917139867245574192683
274683915158279436936451287325847169819365724467912853683194572792538641541726398
732485961854916723961732584196354872273891456548267139619573248325148697487629315
371842569928516743465379182289635417136427958754198236517263894893754621642981375
378569412152437968946128537891274653567381249423956871739845126685712394214693785
149735628326948715785612394657493182891527436234186957412879563968354271573261849
789516234613249578254783169867325491921478653345691782578132946492867315136954827
427591836853264971619783425361947582742856319598312647976138254235479168184625793
892165743153478926476329158681532479945687231327914685714856392238791564569243817
137285496849716352652493178916324587784651923325978641568147239493862715271539864
631825947498736152572491683716382594925147368384569721263918475159274836847653219
478561923596324187213987465381659742752143698649872351134298576925716834867435219
756281439984736512132945687698512374241378965573694821365129748829467153417853296
628934517539712468417865293285491376946327185371658942162579834794283651853146729
394251876625784913718639254182475369536912748479863125841597632267348591953126487
749516832621438957358927641174285369536791428892364175487153296963872514215649783
426791583731528649859643172985412736217936854643875921164357298592184367378269415
734269518295187463681345972523918647916472835478536291842793156157624389369851724
712864935845923167396157842968471523537682491421539786183245679679318254254796318
127569483389714652465328179618975324934286517752431896893142765241657938576893241
594278631612345879873916452368791524451682397927534186746859213289163745135427968
973614258128735496465928713592387164347156982816249537734561829259873641681492375
856394721719285463423761589172643895645819237398572614581436972237958146964127358
621497358937158426485632917394271685572386194816945273259864731743519862168723549
829517346431629578576348192158732469792164853364895721913476285645283917287951634
698714325547823691231965874174639258853247916926158437712386549469572183385491762
856194732913527684472863195285346971641789523739215468164932857528671349397458216
169472358427583196358961724576148239294735681813296475745629813681357942932814567
283764195145923687697518423421375869759846231836291754368157942572489316914632578
587913264964275813312486759739658421621794385458321976276549138843167592195832647
862715394795346182134892657418269573679153248253478916587631429341927865926584731
972631584543289671681745932729463158418952367365817429894376215137524896256198743
124386597837529641965147328489732165513968274276451839648275913792813456351694782
379248651456139827128675349285493716963751284741862593832916475597324168614587932
762348159354197682198256734841579263276834591539612847927485316415763928683921475
876251934941873625352469187469527813125638479783194562518742396234916758697385241
432589716687431529951267843825916437163745982749823165376158294298374651514692378
879142356521638947364975281295786134418523679736491825152364798687259413943817562
467819352529637418381425769713942685896753241254168937132596874948371526675284193
281976453564138792397245618976813524823594176145762839632457981718629345459381267
537869421948125673216734895452681937183947562679253184325496718891572346764318259
437518269186294537529736418712845396643921875895367142974152683351689724268473951
437829615125364798869751324378596241294183576651247983543978162716432859982615437
289573164543861792167429835912748356836195427475632981724986513391254678658317249
198257346475683921263419875312974658587361294649528137756832419824195763931746582
326547918894136752751892643238754196679218435415963287962381574143675829587429361
137429856864735291259186473382647915716592348495318627943871562578264139621953784
793821564258764391416935872842617953539248716167593248925186437684379125371452689
428169537537428169196537842983716254641952378752843691269371485814695723375284916
548691237213578694796324815472813956385269471961457382629135748857942163134786529
352487196648192357791356248216945783437218965985673421123864579569721834874539612
874216935139875264265394718648723159753961842921548673317482596486159327592637481
253176948978423651461895732395718264186342597724569813542981376637254189819637425
836915274149372856257468319372591468918246537465783192721859643693124785584637921
173926485496385721852714693914573862238691574567248139645839217789152346321467958
945623718127985634683471295896537421314296857572814369261758943739142586458369172
134289675956471823728653941382514769497836152561927384615792438873145296249368517
159823467628147539473956821345271986291568743867439215516782394984315672732694158
421396578867245391953178462386419725714582936592763184645837219178924653239651847
481379265269185374735264981378512649926438157514697823892743516143856792657921438
864531279792846153315729864481965327953217648627483591578192436139654782246378915
543861729179542683268973415387694251652138947491725836816457392924316578735289164
728456139615389472394712856251674398469238715873195264547923681932861547186547923
412675398689413572357982416536197824724358169198264735265831947841729653973546281
935786142684912357271534869826395714413627985759148236568273491397451628142869573
354672189892351674167849253649537812285914736731268495428193567573486921916725348
194236857685417239237958164853142796471369582926785341518674923349821675762593418
483219675572386149196754283931845726867932451254671938348167592719523864625498317
235867194817294536649135782971382465568741923324659871182573649793416258456928317
432158976769234815185679234924315687518796423376482159293541768647823591851967342
471935628982647153536812479897561234164723985325498761749386512253179846618254397
438615279762983541159742863583297614917864325246531798695178432321456987874329156
584963721169275483732418659427581396398647512651392874873126945915734268246859137
863295714751643298429781356672458931345179682198326547587964123214537869936812475
871923645532468917649157382713845269495236871286791453954672138167389524328514796
159238467624571839378964152586129743741386925932457681495613278863792514217845396
156937284492865137873124695967318542314652978528749361641273859739581426285496713
327481659841695237659237481538742916476519328192368574913826745285974163764153892
381625479497183265625974318854762193973518624162349587219437856538296741746851932
569782314781364259243519786812937645374856192956421837638295471425178963197643528
592846713783519246641237859437652981268391574915784632356128497824973165179465328
671534982954872613283169547325716498196428375847953126738641259512397864469285731
182635749639784215475921683913857426867342591254169378728513964341296857596478132
341786592596241378728395416637928154485163729912457683264579831179834265853612947
629785341371496852845213796254879163918362574763541928496137285182954637537628419
689152734132674895754839162413598627576243981928716543895327416367481259241965378
542871396831596274976342851758964132194238567263157948317485629629713485485629713
478361952629854173153279486214987635367145298985623714742518369591436827836792541
471839562965742138328561479739486251286153947154927386647215893513698724892374615
358764291246519837197382546971825364532647918684931725425173689763498152819256473
342967581587314926619582374956138742428756193731429865194275638265893417873641259
293587164174236589685419372728165493459378621316924857541892736937651248862743915
587694321943182756612357498154863279379421865826579143731946582295718634468235917
591438276376259814428176935945861327812347659637592148783925461164783592259614783
931674852587129346624583971258917463769342518413865297146298735392751684875436129
973164528456928713218753694681497235524386179397512486845279361162835947739641852
528341967943786125167592384619254738482673519375918642296437851854169273731825496
619543872437298615582167394273814569856739241941652783395486127764321958128975436
928364571365781924174592386481235697257946813693817245842153769519678432736429158
195826374243157869768394521489532716516748293372961458927683145851479632634215987
528146379473982156961573482716238945294715638835469217157694823682351794349827561
712893564589641732364752918837926451956184273241375896423517689195268347678439125
476139825518276493329458167865927314791543682234681759943865271657312948182794536
485973126361842957729615384654238791893167245217459863936784512178526439542391678
164578392938214567725963814897132645216485973453697128349821756581746239672359481
196457283837912654452836719681594327524763891379281546963128475718645932245379168
419387562827651394563429871294136785738945216156278439371562948985714623642893157
918627345376549281542183769634892517791354628825761934157238496483976152269415873
251736894874295136639418572712964385593872641468153729947581263126347958385629417
173258946562497813489136527721543698938612754654789132897325461216974385345861279
728694153193285647654317982385971264946532871271468539567149328812753496439826715
235968417697431285841752963319584672768219534524673891176825349453196728982347156
592671438417389652368452971986143725754298163123765894835916247279834516641527389
473826519682159734591374286746918352159263847238547691314782965825691473967435128
364528719598716432217934856675193248143872965829465173736249581482351697951687324
821653497967214853543987621134865972679132584258749136782496315396571248415328769
376518249241769853895234176683975421917342568452681397569123784734856912128497635
751928436264357819938614275895276341142539768673481592317862954486795123529143687
958143762317826945426579831792461358865937124134285679271358496583694217649712583
973851246458627931612394587137985462295416378864273195546732819329168754781549623
148256397957384612263179485726495138395861724481723569679538241812647953534912876
983624157542173689761598234894261573325487916617359428138942765259736841476815392
547632189128759436693814725319276854786945312452183697231567948964328571875491263
249756381317482956568319274724563198986241735135978642671834529893125467452697813
186724953723596841594831627235648179967213485841975236359182764612457398478369512
637198245528743961941265738765384192214579386389612574853427619476951823192836457
436921587195487263287356194854613972619742358372598416728139645943865721561274839
249517638837694125615382479362879514591243786784156293176935842453728961928461357
846932715397514682125768349463257891518649237279381564951873426784126953632495178
873126945245973618196548723562814379734695182981237564458361297627459831319782456
739145286152986743846237591581674932467329815293518674675493128924851367318762459
786213945451869732923745186572194863694387521318526479849631257165472398237958614
257468193631759482948312765423196857816547239579823614185234976764985321392671548
857319624136842597429675831618493752274158963593267418985721346742936185361584279
874239651639158274125746938946815327713692485582374169267481593391527846458963712
927361584653748129148295736569132478274689351831457962792516843485923617316874295
251496738387125964496783251542831679918672345673549182169358427824967513735214896
938412675642597318715368249286751493491823567357946821529134786863279154174685932
879143625651298743324657189917486352438572961265319478192765834546831297783924516
215973864479658132638241759823469571951837246746125983564712398197386425382594617
597241386148693572623785149871352964369418725452976831216537498935864217784129653
194826375856734192273951846715269438489573261362418957528347619931685724647192583
463721895875396142291485673389214756517863429642957381754632918138549267926178534
654238971389671524721495683962714835543862197178359246416987352837526419295143768
249386517531749682786215349657892431423671895918534276864957123195423768372168954
613257489879164352254839671536781294941625738728943516382596147467318925195472863
764923851193685472528147369431862597286579134957314628319758246672431985845296713
278546193945321876613978452536412789127689345894735621359867214482193567761254938
582614793914753862367289415759426381126837549438591276245168937673945128891372654
167528394982341756435796812659837421824169573371452968246985137518673249793214685
138795624925416378467328915586274139342961857719853462254639781691587243873142596
719386524648257193253419867894671352136925478572843619485192736321764985967538241
658293741127465398439871256941358672265917483873624915382149567796582134514736829
736248195419753862582961734947635281658124379321879456895312647173496528264587913
951874632463529187278613945729158364834296751516437298185962473392745816647381529
253476189687319425914852673149268537736195248825734916368521794492687351571943862
468539217132647985759281346243715869876394152915862734324958671691473528587126493
719482356436759281285163479861527943543691827972834615128376594354918762697245138
768413259524986317931257468847632591256198734319574682673841925485329176192765843
253841796769523481814967523325179864148652937976384215587216349632495178491738652
489263571526971834317458926742189365695347218138625749254796183961832457873514692
529386147167942385843517269382475691914863572675291438256738914438129756791654823
367192485825634197419857263541278639698413572732569814954386721176925348283741956
592138674814576293376294815743961582921853746685427931268349157137685429459712368
726813594489625173531479628293546781647198352158237469962351847814762935375984216
592648731487315296316927584169873452854261379273594618931452867745186923628739145
712469538864537291539182764693824175128675943457913826246751389385296417971348652
235768149718294635964135278349682751857419326126573894582346917673951482491827563
692471538175328496843596712751834629469712853238965174317689245984257361526143987
879314526324596871165728493956873142481259637732461985613982754548137269297645318
481259367956731482327684519795462831863915274142378695514893726639527148278146953
625849317487213596931657248216495783573182469849736152164328975398574621752961834
245719863768345219913862457624597138389126574571438692137684925452971386896253741
937561428412978653685432179248356917753129846196847532374685291821794365569213784
132586479975143286846729513763214958591867324284395167429658731657431892318972645
476182359351694278928537416285943761147265983693718542734821695862459137519376824
783216459196754823524398761259873614671549238438162975367481592815927346942635187
192865743875431962436972851248359617517648329369217485753184296981726534624593178
248159367675328149139746528962814753317295486854673912596432871723581694481967235
128367495596241783437895216659734128371682549284159637743518962815926374962473851
983157642164328579257496813812675394345981267796243185471832956538769421629514738
812753469947816235536429178289675314475138926361942587624581793158397642793264851
623194587187563429495287613861745392549328761732916854316872945974651238258439176
735982461412673598968514372683295714591748236247361985329856147176429853854137629
371429685468537129925681374647952813582316947139748562813294756296175438754863291
815427693376958214492163785143875962689342571527691348231789456954216837768534129
346179825975832416218465379824397651657241938193658742531786294489523167762914583
863142975247895613951637428138469257475283169629751834384526791512974386796318542
847596231951327648623481975475268319289173456316954782192735864764819523538642197
623847159957321468841569723579684231234195876186732945312976584765418392498253617
725194683936758421481623759563487192894261537217539846358916274142375968679842315
947863152521479836863251497694317528172598364358624971239146785716985243485732619
742851369381976452695432871528349617934617285167285934259163748413728596876594123
423816975518497362967523184381965427649372851275184693156738249792641538834259716
452739816689521347317864925574196283193258674268473159831647592726985431945312768
792368415418752639653194872961547328875236941234981756149675283586423197327819564
362957481591842367478613952746285139823196745159374826287539614935461278614728593
269853741753419268418627935926385417581742693347196852674231589835974126192568374
172984365495163782863275149639748521281359476754612938946831257517426893328597614
613247895582963741974158263156724938498631527237895614349576182825319476761482359
265139874481267359937584261816372495572946138349815726693428517724651983158793642
912456783478932516635817924127395468894761235356284197569148372243679851781523649
948137256271596384356284917487315629539462871162978543815643792793821465624759138
831764925276195834495832716942571368518643297763289541359418672684327159127956483
198367254534892617627415983716259348245183769983746125369524871471638592852971436
589742613716953428243168597671329845924586371358417962495871236132695784867234159
591378246836249157274561893458617932763982415129435768647893521315724689982156374
536791284124836975897524361651278439372149856489653127745312698963485712218967543
158427639732169845496853172569374281817592364243618597381945726975236418624781953
817326954469587132253419876645793218791862543328145769586974321972631485134258697
365928147421576983879341625753612894914837562286495371148259736592763418637184259
784316259963572148521984763857691324436257891192438576645823917218749635379165482
417682593695413278283579416841725369369841752752936184126397845974258631538164927
197346258683125749245879361529638417371452986468791523852917634914263875736584192
651237894278594136349816527425189763196753482783642951914325678537468219862971345
851347296642951783793682541215834679386179425479526318928463157137295864564718932
317295864862734195549816327638972451491568732725341986976423518253187649184659273
691257834428931756735468291217396548569814372843725169154672983982543617376189425
578412639426359781139678542742165398951283476683947125397526814264831957815794263
637824591541769832982153764375681429264935187819472653723548916156297348498316275
954827136361594782278631954792185463816743529435269817649318275127956348583472691
296387541185624973734159682918263754672415398453798126349876215561942837827531469
625194873139875624784362519371548962462917358598236147943751286256483791817629435
249653871817429635365817942524931768183762594796584213478395126632178459951246387
238156974615479238794238165371564892469812357852793416527941683943687521186325749
157638492923574186648921357374195628816742539295386714582463971439217865761859243
417965283928413765365782491759238146634157829182694357246379518593821674871546932
824375196951624387736189524178452639593816472642793851387961245219548763465237918
163874259294651387758932641631298574529417836487365912845126793372549168916783425
214698537678513492395724186481367925752941368936285741149876253823159674567432819
436752981295148367718369524927814653653297418841536792179623845584971236362485179
217639854549781326386452917425178693961324578873596241654913782732845169198267435
689531247471289653523647819952813476716425938348976521165394782834762195297158364
654981372813572946279463158596248731738195624421736895185327469967854213342619587
346891257857326194219745863725914386193268475468537921681479532534682719972153648
836751429574296318192843567941528673357964182268137954625479831483612795719385246
748135269239768415651294387163942758487516932925387146376821594812459673594673821
796543218145628973238197465921356847483972651567481329859214736312769584674835192
431529768926847153857361492582714936763295841194683527315476289678952314249138675
319465827682379145745812639267134598891526473453798216538247961126953784974681352
759314682813762954426598137268159473534276819197483526975631248641827395382945761
192534876635728194487169325763845912914276583258391647349612758571483269826957431
359487126781265493264913875128396547476852319935741268612539784893174652547628931
739248651125367498648915327317489562892651743564723819273594186951876234486132975
768341295123579684945628731637954812594182376281736459452817963816493527379265148
649218357732569814185374926568197432497823165321456789914632578273985641856741293
421965837957381246638724195845617923396452718172893564269548371784139652513276489
238519674965784123471263985712956348684137592359842761826371459543698217197425836
298376541513249768467518329721964853956823174384157296149735682835692417672481935
527189463168347295493625187315972846649813752872564319256438971781296534934751628
568173492493285761712694538247831956185469327936752184829517643651348279374926815
173564298648927135925831467854219673317658942269473581491382756786195324532746819
379562148862341759415978263647239581598714326123685974754893612231456897986127435
574638129681729534923145876865397412247516398319284657436952781198473265752861943
529846137168573492347219685793162854415387926286954371631728549874695213952431768
691735482753284196428691753834927561915846327276513849369158274547362918182479635
697152483541378269832964571725893614463517892189426357976235148318649725254781936
163958742578423169429176853732619485695847231814532697246391578351784926987265314
634829517278315496915674382427138965863592741159467823392741658546283179781956234
241763859896154372735982416628547193917326548453819267182675934569438721374291685
867194235145372968329856147591468723638527491472931586753289614984615372216743859
629354718734168295815729643371546829968273154452891376196437582283915467547682931
639578412872614359541329876325186947498257631716943285284795163953461728167832594
648231579159678423732459186386517294425986317971342865814763952263195748597824631
958613247162794853374258196286945731435167982719832564843521679627389415591476328
286519437543687291719342856897426513451873962632951748175234689924168375368795124
673549281928371645154682937362415798541897362789263514437928156815736429296154873
916823574357941682428576391682139745134785926795264138571498263243617859869352417